
自己矩阵前特征码:
00 00 00 00 00 00 00 00 00 00 00 00 00 00 80 3F 00 00 40 3F 00 00 00 00 00 00 00 00 00 00 00 00 00 00 00 00 AB AA AA 3F 00 00 00 00 00 00 00 00 00 00 00 00 00 00 00 00 16 08 80 BF 26 0E E0 C0 00 00 00 00 00 00 00 00 00 00 80 BF 00

00 00 00 00 00 00 00 00 00 00 00 00 00 00 80 3F 00 00 40 3F 00 00 00 00 00 00 00 00 00 00 00 00 00 00 00 00 AB AA AA 3F 00 00 00 00 00 00 00 00 00 00 00 00 00 00 00 00 16 08 80 BF 26 0E E0 C0 00 00 00 00 00 00 00 00 00 00 80 BF 00 00 00 00

00 00 00 00 00 00 00 00 00 00 00 00 00 00 80 3F 00 00 40 3F 00 00 00 00 00 00 00 00 00 00 00 00 00 00 00 00 AB AA AA 3F 00 00 00 00 00 00 00 00 00 00 00 00 00 00 00 00 16 08 80 BF 26 0E E0 C0 00 00 00 00 00 00 00 00 00 00 80 BF 00 00 00 00

->加上18
->16 08 80 BF 26 0E E0 C0 00 00 00 00 00 00 00 00 00 00 80 BF 00 00 00 00
->\x16\x08\x80\xBF\x26\x0E\xE0\xC0\x00\x00\x00\x00\x00\x00\x00\x00\x00\x00\x80\xBF\x00\x00\x00\x00

自己角度基址前特征码:
70 9D 1E 79 70 37 0B 79 50 0B BA 03 01 00 00 00 70 9D 1E 79 70 9D 1E 79 00 00 00 00 00 00 00 00 00 00 00 00 00 00 00 00 60 CD B6 03 08 00 00 00 00 00 00 00 01 00 00 00 60 CD B6 03 08 28 0D 79

70 9D 1E 79 70 37 0B 79 50 0B 79 03 01 00 00 00 70 9D 1E 79 70 9D 1E 79 00 00 00 00 00 00 00 00 00 00 00 00 00 00 00 00 60 CD 75 03 08 00 00 00 00 00 00 00 01 00 00 00 60 CD 75 03 08 28 0D 79

70 9D 1E 79 70 37 0B 79 50 0B DC 03 01 00 00 00 70 9D 1E 79 70 9D 1E 79 00 00 00 00 00 00 00 00 00 00 00 00 00 00 00 00 60 CD D8 03 08 00 00 00 00 00 00 00 01 00 00 00 60 CD D8 03 08 28 0D 79

70 9D 96 15 70 37 83 15 50 0B D6 03 01 00 00 00 70 9D 96 15 70 9D 96 15 00 00 00 00 00 00 00 00 00 00 00 00 00 00 00 00 60 CD D2 03 08 00 00 00 00 00 00 00 01 00 00 00 60 CD D2 03 08 28 85 15

加上50
70 9D ？ ？ 70 37 ？ ？ 50 0B ？ 03 01 00 00 00 70 9D ？ ？ 70 9D
\x70\x9D??\x70\x37??\x50\x0B?\x03\x01\x00\x00\x00\x70\x9D??\x70\x9D


自己位置基址前特征码:
00 00 00 00 FC 46 22 37 20 FC 2F 37 01 00 00 00 20 E3 0E 37 30 91 0A 37 08 20 08 00 E8 45 22 37 28 FB 2F 37 4C E3 0E 37 C8 A4 79 04 04 00 00 00 1B C8 1C 08 28 FB 2F 37 00 00 00 00 00 00 00 00 00 00 00 00 00 00 00 00 00 00 00 00 00 00 00 00 00 00 00 00 00 00 00 00 00 00 00 00 0C E7 0E 37

00 00 00 00 FC 46 D7 36 20 FC E4 36 01 00 00 00 20 E3 C3 36 30 91 BF 36 08 20 08 00 E8 45 D7 36 28 FB E4 36 4C E3 C3 36 C8 A4 38 04 04 00 00 00 1B C8 D7 09 28 FB E4 36 00 00 00 00 00 00 00 00 00 00 00 00 00 00 00 00 00 00 00 00 00 00 00 00 00 00 00 00 00 00 00 00 00 00 00 00 0C E7 C3 36

00 00 00 00 FC 46 3B 37 20 FC 48 37 01 00 00 00 20 E3 27 37 30 91 23 37 08 20 08 00 E8 45 3B 37 28 FB 48 37 4C E3 27 37 C8 A4 9B 04 04 00 00 00 1B C8 7B 08 28 FB 48 37 00 00 00 00 00 00 00 00 00 00 00 00 00 00 00 00 00 00 00 00 00 00 00 00 00 00 00 00 00 00 00 00 00 00 00 00 0C E7 27 37

->加上50
->20 E3 ? ? 30 91 ? ? 08 20 08 00 E8 45 ? ? 28 FB ? ? 4C E3 ? ? C8 A4 ? 04 04
->\x20\xE3??\x30\x91??\x08\x20\x08\x00\xE8\x45??\x28\xFB??\x4C\xE3??\xC8\xA4?\x04\x04


敌人位置基址前特征码:
00 00 00 00 00 40 75 36 80 6F 25 05 10 00 00 00 00 00 00 00 05 00 00 00 0E 00 00 00 FF FF FF FF 0D 00 00 00 80 6F 25 05 00 00 00 00 00 00 00 00 00 00 00 00 00 00 00 00 00 00 00 00 EC 2E 0E 37 B0 D5 31 14 00 01 00 00 00 00 00 00 00 00 7E 00 82 00 28 00 96 00 95 00 B0 D5 31 14 00 00 00 00 00 00 00 00 00 00 00 00 00 00 00 00 00 00 00 00 10 B7 25 66 C0 00 00 00 00 00 00 00 00 00 00 00 10 B7 25 66 48 AF 00 00 00 00 00 00 C0 2F 0E 37 10 E2 A4 13 F7 01 00 00 00 00 00 00 B4 3A 31 3B

00 00 00 00 00 40 2A 36 80 2F E4 04 10 00 00 00 00 00 00 00 05 00 00 00 0E 00 00 00 FF FF FF FF 0D 00 00 00 80 2F E4 04 00 00 00 00 00 00 00 00 00 00 00 00 00 00 00 00 00 00 00 00 EC 2E C3 36 F0 47 00 14 00 01 00 00 00 00 00 00 00 00 7C 00 82 00 28 00 96 00 95 00 F0 47 00 14 00 00 00 00 00 00 00 00 00 00 00 00 00 00 00 00 00 00 00 00 10 F2 1F 66 C0 00 00 00 00 00 00 00 00 00 00 00 10 F2 1F 66 D1 5C 00 00 00 00 00 00 C0 2F C3 36 10 E2 67 13 F7 01 00 00 00 00 00 00 B4 3A E6 3A

00 00 00 00 00 40 8E 36 80 2F 47 05 10 00 00 00 00 00 00 00 05 00 00 00 0E 00 00 00 FF FF FF FF 0D 00 00 00 80 2F 47 05 00 00 00 00 00 00 00 00 00 00 00 00 00 00 00 00 00 00 00 00 EC 2E 27 37 30 D3 CD 68 00 01 00 00 00 00 00 00 00 00 03 00 82 00 27 00 96 00 95 00 30 D3 CD 68 00 00 00 00 00 00 00 00 00 00 00 00 00 00 00 00 00 00 00 00 80 D8 8F 66 C0 00 00 00 00 00 00 00 00 00 00 00 80 D8 8F 66 70 3E 00 00 00 00 00 00 C0 2F 27 37 10 E2 C6 13 F7 01 00 00 00 00 00 00 B4 3A 4A 3B

00 00 00 00 00 40 16 38 80 6F 41 05 10 00 00 00 00 00 00 00 05 00 00 00 10 00 00 00 FF FF FF FF 0F 00 00 00 80 6F 41 05 00 00 00 00 00 00 00 00 00 00 00 00 00 00 00 00 00 00 00 00 EC 2E AF 38 10 00 A4 14 00 01 00 00 00 00 00 00 81 00 1D 00 28 00 32 00 96 00 95 00 10 00 A4 14 00 00 00 00 00 00 00 00 00 00 00 00 00 00 00 00 00 00 00 00 90 99 53 6C C0 00 00 00 00 00 00 00 00 00 00 00 90 99 53 6C D9 0C 03 00 00 00 00 00 C0 2F AF 38 10 E2 BC 13 F8 01 00 00 00 00 00 00 B4 3A D2 3C

C0 2F ? ? 10 E2 ? 13 ? 01 00 00 00 00 00 00 B4 3A ? ?
\xC0\x2F??\x10\xE2?\x13?\x01\x00\x00\x00\x00\x00\x00\xB4\x3A





